107 218
183 284
34 81
190 248
113 76
113 77
107 297
107 234
107 226
107 119
107 230
1 200
34 19
190 274
183 82
107 86
1 55
190 238
1 42
34 44
107 262
1 32
34 30
34 29
107 106
34 35
107 263
316 146
111 83
1 280
293 184
111 300
111 324
111 87
34 317
111 203
111 240
34 58
1 21
183 122
293 289
111 229
111 233
96 120
279 51
279 45
107 20
107 85
111 329
1 155
107 138
107 136
107 137
111 252
111 325
316 312
111 246
111 209
183 15
34 70
111 213
1 160
1 272
236 326
111 16
111 216
92 266
92 196
92 39
18 308
287 214
111 309
316 69
92 89
236 115
111 11
1 139
107 182
92 197
287 232
111 5
111 14
111 61
293 192
287 253
34 275
310 244
111 48
111 268
92 258
287 103
92 298
1 327
287 125
190 194
190 84
164 177
111 47
111 112
164 169
164 170
183 212
164 65
111 191
111 31
111 36
164 185
279 271
164 73
279 273
279 321
279 144
111 49
183 299
236 172
164 18
34 99
34 101
34 100
34 102
164 254
279 306
164 167
183 181
164 163
310 13
310 276
183 199
183 201
183 294
183 205
279 80
111 91
164 88
1 307
111 72
111 104
164 98
164 319
164 90
164 143
111 128
111 320
113 109
113 110
279 215
107 158
113 62
310 37
164 220
34 291
34 154
111 131
310 313
111 127
111 135
111 132
111 206
107 305
107 295
107 208
113 63
113 57
164 243
107 265
88 288
111 165
111 157
88 235
190 323
111 176
111 173
111 174
111 175
