1140 1141
1141 1142
1142 1143
1143 1
1140 1141
1141 1142
1142 1143
1143 2
1140 1141
1141 1142
1142 1144
1144 3
1140 1141
1141 1142
1142 1144
1144 4
1140 1141
1141 1145
1145 1146
1146 5
1140 1141
1141 1147
1147 1148
1148 6
1140 1141
1141 1149
1149 1150
1150 7
1140 1151
1151 1152
1152 1153
1153 8
1140 1151
1151 1152
1152 1153
1153 9
1140 1151
1151 1152
1152 1153
1153 10
1140 1151
1151 1152
1152 1153
1153 11
1140 1154
1154 1155
1155 12
1140 1156
1156 1157
1157 13
1140 1156
1156 1158
1158 1159
1159 14
1140 1156
1156 1158
1158 15
1140 1156
1156 1160
1160 1161
1161 16
1140 1156
1156 1162
1162 1163
1163 17
1140 1156
1156 1164
1164 1165
1165 18
1140 1166
1166 1167
1167 1168
1168 19
1140 1166
1166 1169
1169 1170
1170 20
1140 1171
1171 1172
1172 1173
1173 21
1140 1174
1174 22
1140 1175
1175 1176
1176 1177
1177 23
1140 1175
1175 1176
1176 1178
1178 24
1140 1175
1175 1176
1176 1179
1179 25
1140 1175
1175 1176
1176 1179
1179 26
1140 1175
1175 1176
1176 1180
1180 27
1140 1175
1175 1181
1181 1182
1182 28
1140 1175
1175 1181
1181 1182
1182 29
1140 1175
1175 1181
1181 1183
1183 30
1140 1175
1175 1181
1181 1183
1183 31
1140 1175
1175 1181
1181 1184
1184 32
1140 1175
1175 1181
1181 1184
1184 33
1140 1175
1175 1181
1181 1184
1184 34
1140 1175
1175 1181
1181 1185
1185 35
1140 1175
1175 1181
1181 1186
1186 36
1140 1187
1187 37
1140 1188
1188 1189
1189 1190
1190 38
1140 1188
1188 1189
1189 1191
1191 39
1140 1188
1188 1189
1189 1192
1192 40
1140 1188
1188 1193
1193 41
1140 1188
1188 1194
1194 1195
1195 42
1140 1188
1188 1196
1196 1197
1197 43
1140 1188
1188 1196
1196 1198
1198 44
1140 1188
1188 1196
1196 1198
1198 45
1140 1188
1188 1196
1196 1199
1199 46
1140 1188
1188 1196
1196 1200
1200 47
1140 1201
1201 1202
1202 48
1140 1201
1201 1203
1203 1204
1204 49
1140 1201
1201 1205
1205 1206
1206 50
1140 1201
1201 1205
1205 1206
1206 51
1140 1201
1201 1207
1207 1208
1208 52
1140 1201
1201 1207
1207 1208
1208 53
1140 1201
1201 1207
1207 1209
1209 54
1140 1201
1201 1207
1207 1209
1209 55
1140 1201
1201 1207
1207 1210
1210 56
1140 1201
1201 1207
1207 1210
1210 57
1140 1201
1201 1207
1207 1210
1210 58
1140 1201
1201 1207
1207 1210
1210 59
1140 1201
1201 1207
1207 1210
1210 60
1140 1201
1201 1207
1207 1211
1211 61
1140 1201
1201 1207
1207 1211
1211 62
1140 1201
1201 1207
1207 1211
1211 63
1140 1201
1201 1212
1212 64
1140 1201
1201 1213
1213 1214
1214 65
1140 1201
1201 1215
1215 1216
1216 66
1140 1201
1201 1215
1215 1217
1217 67
1140 1201
1201 1218
1218 1219
1219 68
1140 1201
1201 1218
1218 1220
1220 69
1140 1201
1201 1218
1218 1220
1220 70
1140 1201
1201 1218
1218 1221
1221 71
1140 1201
1201 1218
1218 1222
1222 72
1140 1201
1201 1218
1218 1223
1223 73
1140 1201
1201 1218
1218 1223
1223 74
1140 1201
1201 1218
1218 1223
1223 75
1140 1201
1201 1218
1218 1223
1223 76
1140 1201
1201 1218
1218 1224
1224 77
1140 1201
1201 1218
1218 1225
1225 78
1140 1201
1201 1218
1218 1225
1225 79
1140 1201
1201 1218
1218 1226
1226 80
1140 1201
1201 1218
1218 1227
1227 81
1140 1201
1201 1218
1218 1228
1228 82
1140 1201
1201 1218
1218 1229
1229 83
1140 1201
1201 1218
1218 1229
1229 84
1140 1201
1201 1218
1218 1229
1229 85
1140 1201
1201 1218
1218 1230
1230 86
1140 1201
1201 1218
1218 1231
1231 87
1140 1201
1201 1218
1218 1231
1231 88
1140 1201
1201 1218
1218 1232
1232 89
1140 1201
1201 1218
1218 1232
1232 90
1140 1201
1201 1218
1218 1232
1232 91
1140 1201
1201 1233
1233 1234
1234 92
1140 1201
1201 1235
1235 1236
1236 93
1140 1201
1201 1235
1235 1236
1236 94
1140 1201
1201 1235
1235 1237
1237 95
1140 1201
1201 1235
1235 1237
1237 96
1140 1201
1201 1238
1238 97
1140 1239
1239 1240
1240 1241
1241 98
1140 1239
1239 1242
1242 99
1140 1239
1239 1243
1243 1244
1244 100
1140 1245
1245 1246
1246 1247
1247 101
1140 1245
1245 1246
1246 1248
1248 102
1140 1245
1245 1249
1249 1250
1250 103
1140 1245
1245 1249
1249 1250
1250 104
1140 1245
1245 1249
1249 1251
1251 105
1140 1245
1245 1249
1249 1252
1252 106
1140 1245
1245 1249
1249 1253
1253 107
1140 1245
1245 1249
1249 1254
1254 108
1140 1245
1245 1255
1255 1256
1256 109
1140 1245
1245 1255
1255 1256
1256 110
1140 1245
1245 1257
1257 111
1140 1245
1245 1258
1258 1259
1259 112
1140 1245
1245 1260
1260 1261
1261 113
1140 1245
1245 1260
1260 1261
1261 114
1140 1245
1245 1260
1260 1262
1262 115
1140 1245
1245 1260
1260 1263
1263 116
1140 1245
1245 1260
1260 1263
1263 117
1140 1264
1264 1265
1265 1266
1266 118
1140 1264
1264 1265
1265 1266
1266 119
1140 1264
1264 1267
1267 120
1140 1268
1268 1269
1269 1270
1270 121
1140 1268
1268 1271
1271 1272
1272 122
1140 1273
1273 1274
1274 1275
1275 123
1140 1273
1273 1274
1274 1276
1276 124
1140 1273
1273 1274
1274 1277
1277 125
1140 1273
1273 1274
1274 1278
1278 126
1140 1273
1273 1274
1274 1279
1279 127
1140 1273
1273 1280
1280 1281
1281 128
1140 1273
1273 1280
1280 1282
1282 129
1140 1273
1273 1280
1280 1283
1283 130
1140 1273
1273 1280
1280 1284
1284 131
1140 1273
1273 1280
1280 1284
1284 132
1140 1273
1273 1280
1280 1285
1285 133
1140 1273
1273 1280
1280 1285
1285 134
1140 1286
1286 1287
1287 1288
1288 135
1140 1286
1286 1287
1287 1289
1289 136
1140 1286
1286 1287
1287 1290
1290 137
1140 1286
1286 1291
1291 1292
1292 138
1140 1286
1286 1291
1291 1292
1292 139
1140 1286
1286 1291
1291 1292
1292 140
1140 1286
1286 1291
1291 1292
1292 141
1140 1286
1286 1291
1291 1292
1292 142
1140 1286
1286 1291
1291 1292
1292 143
1140 1286
1286 1291
1291 1292
1292 144
1140 1286
1286 1291
1291 1292
1292 145
1140 1286
1286 146
1140 1286
1286 1293
1293 1294
1294 147
1140 1286
1286 1293
1293 148
1140 1286
1286 1295
1295 1296
1296 149
1140 1297
1297 1298
1298 1299
1299 150
1140 1297
1297 1300
1300 151
1140 1297
1297 152
1301 1302
1302 153
1301 1302
1302 1303
1303 154
1301 1302
1302 1303
1303 1304
1304 155
1301 1305
1305 1306
1306 1307
1307 156
1301 1305
1305 1308
1308 1309
1309 157
1301 1305
1305 1308
1308 1310
1310 158
1301 1305
1305 1308
1308 1310
1310 159
1301 1305
1305 1308
1308 1310
1310 160
1301 1305
1305 1308
1308 1311
1311 161
1301 1305
1305 1308
1308 1311
1311 162
1301 1305
1305 163
1301 1312
1312 1313
1313 1314
1314 164
1301 1312
1312 1313
1313 1315
1315 165
1301 1312
1312 1316
1316 166
1301 1312
1312 1316
1316 167
1301 1312
1312 1317
1317 1318
1318 168
1301 1312
1312 1317
1317 1318
1318 169
1301 1312
1312 1317
1317 1318
1318 170
1301 1312
1312 1317
1317 1319
1319 171
1301 1312
1312 1317
1317 1319
1319 172
1301 1312
1312 1317
1317 1319
1319 173
1301 1312
1312 1320
1320 174
1301 1312
1312 1320
1320 1321
1321 175
1301 1312
1312 1320
1320 1322
1322 176
1301 1323
1323 1324
1324 177
1301 1323
1323 1324
1324 178
1301 1325
1325 1326
1326 1327
1327 179
1301 1325
1325 1328
1328 1329
1329 180
1301 1325
1325 1328
1328 1329
1329 181
1301 1325
1325 1328
1328 1330
1330 182
1301 1325
1325 1328
1328 1330
1330 183
1301 1325
1325 1331
1331 1332
1332 184
1301 1325
1325 1333
1333 1334
1334 185
1301 1325
1325 1335
1335 1336
1336 186
1301 1325
1325 1335
1335 187
1301 1325
1325 1337
1337 1338
1338 188
1301 1325
1325 1339
1339 189
1301 1325
1325 1340
1340 190
1301 1325
1325 1340
1340 1341
1341 191
1301 1325
1325 1340
1340 1342
1342 192
1301 1325
1325 1340
1340 1342
1342 193
1301 1325
1325 1340
1340 1343
1343 194
1301 1325
1325 1340
1340 1343
1343 195
1301 1325
1325 1340
1340 1343
1343 196
1301 1325
1325 1344
1344 197
1301 1325
1325 1345
1345 198
1301 1325
1325 1345
1345 1346
1346 199
1301 1325
1325 1345
1345 1346
1346 200
1301 1325
1325 1345
1345 1346
1346 201
1301 1325
1325 1345
1345 1347
1347 202
1301 1325
1325 1345
1345 1347
1347 203
1301 1348
1348 1349
1349 204
1301 1348
1348 1350
1350 205
1301 1348
1348 1351
1351 1352
1352 206
1301 1348
1348 1351
1351 1353
1353 207
1301 1354
1354 1355
1355 1356
1356 208
1301 1354
1354 1355
1355 1356
1356 209
1301 1354
1354 1357
1357 1358
1358 210
1301 1354
1354 1357
1357 1358
1358 211
1301 1354
1354 1357
1357 1359
1359 212
1301 1354
1354 1357
1357 1360
1360 213
1301 1354
1354 1357
1357 1360
1360 214
1301 1354
1354 1357
1357 1361
1361 215
1301 1354
1354 1357
1357 1362
1362 216
1301 1354
1354 1357
1357 1363
1363 217
1301 1354
1354 1357
1357 1364
1364 218
1301 1354
1354 1357
1357 1364
1364 219
1301 1354
1354 1357
1357 1365
1365 220
1301 1354
1354 1357
1357 1366
1366 221
1301 1354
1354 1357
1357 1366
1366 222
1301 1354
1354 1367
1367 223
1301 1354
1354 1367
1367 224
1301 1368
1368 1369
1369 1370
1370 225
1301 1368
1368 1371
1371 1372
1372 226
1301 1368
1368 1371
1371 1373
1373 227
1301 1368
1368 1374
1374 1375
1375 228
1301 1368
1368 1374
1374 1375
1375 229
1301 1368
1368 1376
1376 230
1301 1368
1368 1377
1377 1378
1378 231
1301 1368
1368 1379
1379 1380
1380 232
1301 1381
1381 233
1301 1382
1382 234
1301 1383
1383 1384
1384 235
1301 1383
1383 1385
1385 236
1301 1383
1383 1386
1386 237
1301 1383
1383 1386
1386 238
1301 1383
1383 1387
1387 239
1301 1383
1383 1388
1388 1389
1389 240
1301 1383
1383 1388
1388 1389
1389 241
1301 1383
1383 1388
1388 1389
1389 242
1301 1383
1383 1388
1388 1389
1389 243
1301 1383
1383 244
1301 1383
1383 1390
1390 245
1301 1391
1391 1392
1392 246
1301 1391
1391 1393
1393 1394
1394 247
1301 1395
1395 248
1301 1395
1395 1396
1396 1397
1397 249
1301 1395
1395 1398
1398 250
1301 1395
1395 1399
1399 1400
1400 251
1301 1401
1401 1402
1402 1403
1403 252
1301 1401
1401 1402
1402 1403
1403 253
1301 1401
1401 1402
1402 1404
1404 254
1301 1401
1401 1402
1402 1404
1404 255
1301 1401
1401 1402
1402 256
1301 1401
1401 1405
1405 257
1301 1401
1401 1406
1406 1407
1407 258
1301 1401
1401 1406
1406 1407
1407 259
1301 1401
1401 1406
1406 1407
1407 260
1301 1401
1401 1406
1406 1407
1407 261
1301 1401
1401 1406
1406 1408
1408 262
1301 1401
1401 1406
1406 1409
1409 263
1301 1401
1401 264
1301 1401
1401 1410
1410 1411
1411 265
1301 1401
1401 1412
1412 1413
1413 266
1301 1414
1414 1415
1415 267
1301 1416
1416 1417
1417 1418
1418 268
1301 1416
1416 1417
1417 1418
1418 269
1301 1416
1416 1419
1419 1420
1420 270
1301 1416
1416 1421
1421 1422
1422 271
1301 1416
1416 1421
1421 1423
1423 272
1301 1424
1424 273
1301 1424
1424 1425
1425 274
1301 1424
1424 1425
1425 1426
1426 275
1301 1424
1424 1425
1425 1426
1426 276
1301 1424
1424 1427
1427 277
1301 1428
1428 1429
1429 278
1301 1428
1428 1429
1429 279
1301 1428
1428 280
1301 1428
1428 1430
1430 1431
1431 281
1301 1428
1428 1430
1430 1432
1432 282
1301 1428
1428 1430
1430 1432
1432 283
1301 1428
1428 1430
1430 284
1301 1428
1428 1430
1430 285
1301 1428
1428 1433
1433 1434
1434 286
1301 1428
1428 1433
1433 287
1301 1428
1428 1433
1433 1435
1435 288
1301 1428
1428 1436
1436 289
1301 1428
1428 1437
1437 290
1301 1428
1428 1437
1437 291
1301 1428
1428 1437
1437 1438
1438 292
1301 1428
1428 1437
1437 1439
1439 293
1301 1428
1428 1437
1437 1439
1439 294
1301 1428
1428 1440
1440 295
1301 1428
1428 1440
1440 1441
1441 296
1301 1428
1428 1440
1440 1441
1441 297
1301 1428
1428 1440
1440 1441
1441 298
1301 1428
1428 1440
1440 1442
1442 299
1301 1428
1428 1440
1440 1442
1442 300
1301 1428
1428 1440
1440 301
1301 1428
1428 1443
1443 1444
1444 302
1301 1428
1428 1443
1443 1445
1445 303
1301 1428
1428 1443
1443 1445
1445 304
1301 1428
1428 1443
1443 1445
1445 305
1301 1428
1428 1443
1443 306
1301 1428
1428 1443
1443 307
1301 1428
1428 1443
1443 1446
1446 308
1301 1428
1428 1443
1443 1447
1447 309
1301 1428
1428 1448
1448 1449
1449 310
1301 1428
1428 1448
1448 1449
1449 311
1301 1428
1428 1450
1450 312
1301 1428
1428 1450
1450 1451
1451 313
1301 1428
1428 1450
1450 1452
1452 314
1301 1453
1453 1454
1454 1455
1455 315
1301 1456
1456 1457
1457 316
1301 1456
1456 1458
1458 1459
1459 317
1301 1460
1460 1461
1461 318
1301 1460
1460 1462
1462 319
1301 1460
1460 1463
1463 1464
1464 320
1301 1460
1460 1465
1465 1466
1466 321
1301 1460
1460 1465
1465 1467
1467 322
1301 1468
1468 323
1301 1469
1469 1470
1470 324
1301 1469
1469 1471
1471 325
1301 1469
1469 1472
1472 326
1301 1473
1473 1474
1474 1475
1475 327
1301 1473
1473 1474
1474 1476
1476 328
1301 1473
1473 1474
1474 1477
1477 329
1301 1473
1473 1474
1474 1477
1477 330
1301 1473
1473 1478
1478 1479
1479 331
1301 1473
1473 1478
1478 332
1301 1473
1473 1480
1480 333
1301 1473
1473 1480
1480 334
1301 1481
1481 335
1301 1481
1481 336
1301 1482
1482 337
1301 1483
1483 1484
1484 338
1301 1483
1483 1485
1485 1486
1486 339
1301 1483
1483 1485
1485 1486
1486 340
1301 1483
1483 1485
1485 1487
1487 341
1301 1483
1483 1485
1485 1488
1488 342
1301 1483
1483 1485
1485 1488
1488 343
1301 1483
1483 1485
1485 1488
1488 344
1301 1483
1483 1485
1485 1488
1488 345
1301 1483
1483 1489
1489 1490
1490 346
1301 1483
1483 1489
1489 1490
1490 347
1301 1483
1483 1489
1489 1490
1490 348
1301 1483
1483 1489
1489 1490
1490 349
1301 1491
1491 1492
1492 1493
1493 350
1301 1491
1491 1494
1494 351
1301 1491
1491 1495
1495 352
1301 1496
1496 1497
1497 353
1301 1498
1498 1499
1499 354
1301 1500
1500 1501
1501 355
1301 1500
1500 1502
1502 1503
1503 356
1301 1500
1500 1502
1502 1504
1504 357
1301 1500
1500 1502
1502 1504
1504 358
1301 1500
1500 1502
1502 1504
1504 359
1301 1500
1500 1505
1505 1506
1506 360
1301 1500
1500 1505
1505 1506
1506 361
1301 1500
1500 1505
1505 1507
1507 362
1301 1508
1508 1509
1509 1510
1510 363
1301 1508
1508 1509
1509 1510
1510 364
1301 1508
1508 1509
1509 1511
1511 365
1301 1512
1512 1513
1513 1514
1514 366
1301 1512
1512 1513
1513 1514
1514 367
1301 1512
1512 1513
1513 1514
1514 368
1301 1512
1512 1513
1513 1515
1515 369
1301 1512
1512 1513
1513 370
1301 1512
1512 1513
1513 1516
1516 371
1301 1512
1512 1517
1517 1518
1518 372
1301 1512
1512 1519
1519 1520
1520 373
1301 1512
1512 1519
1519 1521
1521 374
1301 1512
1512 1522
1522 1523
1523 375
1524 1525
1525 1526
1526 376
1524 1527
1527 1528
1528 377
1524 1529
1529 1530
1530 1531
1531 378
1524 1529
1529 379
1524 1532
1532 380
1524 1532
1532 1533
1533 1534
1534 381
1524 1535
1535 1536
1536 1537
1537 382
1524 1535
1535 1536
1536 1537
1537 383
1524 1538
1538 1539
1539 384
1524 1538
1538 1540
1540 385
1524 1538
1538 1541
1541 1542
1542 386
1524 1538
1538 1543
1543 387
1524 1538
1538 1543
1543 1544
1544 388
1524 1538
1538 1543
1543 1544
1544 389
1524 1538
1538 1543
1543 390
1524 1538
1538 1545
1545 1546
1546 391
1524 1538
1538 1545
1545 392
1524 1538
1538 1545
1545 1547
1547 393
1524 1538
1538 394
1524 1538
1538 395
1524 1548
1548 1549
1549 1550
1550 396
1524 1548
1548 1549
1549 1550
1550 397
1524 1548
1548 1551
1551 1552
1552 398
1524 1548
1548 1551
1551 1553
1553 399
1524 1548
1548 1551
1551 1553
1553 400
1524 1548
1548 1551
1551 1553
1553 401
1524 1548
1548 1551
1551 1553
1553 402
1524 1548
1548 1551
1551 1554
1554 403
1524 1548
1548 1551
1551 1554
1554 404
1524 1555
1555 1556
1556 1557
1557 405
1524 1555
1555 1558
1558 406
1524 1555
1555 1559
1559 1560
1560 407
1524 1561
1561 1562
1562 1563
1563 408
1524 1561
1561 1562
1562 1564
1564 409
1524 1561
1561 1565
1565 1566
1566 410
1524 1561
1561 1567
1567 1568
1568 411
1524 1561
1561 1567
1567 1569
1569 412
1524 1561
1561 1567
1567 1569
1569 413
1524 1561
1561 1567
1567 1570
1570 414
1524 1561
1561 1567
1567 1570
1570 415
1524 1561
1561 1567
1567 1570
1570 416
1524 1561
1561 1567
1567 1570
1570 417
1524 1561
1561 1567
1567 1571
1571 418
1524 1561
1561 1567
1567 1572
1572 419
1524 1561
1561 1567
1567 1572
1572 420
1524 1561
1561 1567
1567 1573
1573 421
1524 1561
1561 1567
1567 1574
1574 422
1524 1575
1575 1576
1576 1577
1577 423
1524 1575
1575 1578
1578 424
1524 1579
1579 1580
1580 425
1524 1579
1579 1580
1580 426
1524 1579
1579 1580
1580 427
1524 1579
1579 1580
1580 428
1524 1579
1579 1580
1580 1581
1581 429
1524 1579
1579 1582
1582 1583
1583 430
1524 1579
1579 1582
1582 1584
1584 431
1524 1579
1579 1585
1585 1586
1586 432
1524 1579
1579 1587
1587 1588
1588 433
1524 1579
1579 1587
1587 1589
1589 434
1524 1579
1579 1590
1590 1591
1591 435
1524 1579
1579 1590
1590 1592
1592 436
1524 1579
1579 1593
1593 437
1524 1579
1579 1594
1594 438
1524 1579
1579 1595
1595 439
1524 1579
1579 1595
1595 1596
1596 440
1524 1579
1579 1597
1597 1598
1598 441
1524 1579
1579 1599
1599 442
1524 1579
1579 1600
1600 1601
1601 443
1524 1579
1579 1602
1602 1603
1603 444
1524 1579
1579 1602
1602 1603
1603 445
1524 1579
1579 1602
1602 446
1524 1579
1579 1602
1602 447
1524 1579
1579 1602
1602 1604
1604 448
1524 1579
1579 1605
1605 1606
1606 449
1524 1579
1579 1607
1607 450
1524 1579
1579 1608
1608 451
1524 1579
1579 1609
1609 1610
1610 452
1524 1579
1579 1609
1609 1610
1610 453
1524 1579
1579 1609
1609 1610
1610 454
1524 1579
1579 1609
1609 1611
1611 455
1524 1579
1579 1609
1609 1611
1611 456
1524 1579
1579 1609
1609 1611
1611 457
1524 1579
1579 1609
1609 1612
1612 458
1524 1579
1579 1609
1609 1612
1612 459
1524 1579
1579 1609
1609 1612
1612 460
1524 1579
1579 1609
1609 461
1524 1579
1579 1613
1613 462
1524 1579
1579 1613
1613 463
1524 1579
1579 1614
1614 464
1524 1579
1579 1614
1614 465
1524 1579
1579 1615
1615 1616
1616 466
1524 1579
1579 1615
1615 1617
1617 467
1524 1579
1579 1615
1615 1617
1617 468
1524 1579
1579 1615
1615 1617
1617 469
1524 1579
1579 1615
1615 1617
1617 470
1524 1579
1579 1615
1615 1618
1618 471
1524 1579
1579 1615
1615 1619
1619 472
1524 1579
1579 1615
1615 1620
1620 473
1524 1579
1579 1615
1615 1621
1621 474
1524 1579
1579 1615
1615 1621
1621 475
1524 1579
1579 1615
1615 1621
1621 476
1524 1579
1579 1615
1615 1622
1622 477
1524 1579
1579 1623
1623 478
1524 1579
1579 1623
1623 1624
1624 479
1524 1579
1579 1623
1623 1624
1624 480
1524 1579
1579 1623
1623 1624
1624 481
1524 1579
1579 1623
1623 1624
1624 482
1524 1579
1579 1623
1623 1624
1624 483
1524 1579
1579 1623
1623 1624
1624 484
1524 1579
1579 1623
1623 1624
1624 485
1524 1579
1579 1623
1623 1624
1624 486
1524 1579
1579 1623
1623 1624
1624 487
1524 1579
1579 1623
1623 1624
1624 488
1524 1579
1579 489
1524 1625
1625 1626
1626 1627
1627 490
1524 1625
1625 1626
1626 1627
1627 491
1524 1625
1625 1628
1628 1629
1629 492
1630 1631
1631 1632
1632 1633
1633 493
1630 1631
1631 1632
1632 1634
1634 494
1630 1631
1631 1632
1632 495
1630 1631
1631 1632
1632 496
1630 1631
1631 1632
1632 1635
1635 497
1630 1631
1631 1632
1632 1635
1635 498
1630 1631
1631 1632
1632 1635
1635 499
1630 1631
1631 1632
1632 1635
1635 500
1630 1636
1636 1637
1637 1638
1638 501
1630 1636
1636 1637
1637 502
1630 1636
1636 1639
1639 1640
1640 503
1630 1636
1636 1639
1639 504
1630 1636
1636 1641
1641 505
1630 1636
1636 1642
1642 506
1630 1636
1636 1643
1643 1644
1644 507
1630 1636
1636 1645
1645 1646
1646 508
1630 1647
1647 1648
1648 1649
1649 509
1630 1647
1647 1650
1650 1651
1651 510
1630 1652
1652 1653
1653 1654
1654 511
1630 1652
1652 1653
1653 1655
1655 512
1630 1652
1652 1656
1656 1657
1657 513
1630 1652
1652 1658
1658 1659
1659 514
1630 1652
1652 1658
1658 1660
1660 515
1630 1652
1652 1661
1661 1662
1662 516
1630 1652
1652 1663
1663 1664
1664 517
1630 1652
1652 1665
1665 1666
1666 518
1630 1652
1652 1667
1667 1668
1668 519
1630 1652
1652 1669
1669 1670
1670 520
1630 1652
1652 1669
1669 1671
1671 521
1630 1672
1672 522
1630 1673
1673 1674
1674 1675
1675 523
1630 1676
1676 1677
1677 524
1630 1676
1676 1678
1678 1679
1679 525
1630 1676
1676 1678
1678 1680
1680 526
1630 1676
1676 1681
1681 1682
1682 527
1630 1676
1676 1681
1681 1683
1683 528
1630 1676
1676 1681
1681 1684
1684 529
1630 1676
1676 1685
1685 1686
1686 530
1630 1676
1676 1685
1685 1687
1687 531
1630 1688
1688 1689
1689 1690
1690 532
1630 1688
1688 1691
1691 1692
1692 533
1630 1688
1688 1691
1691 534
1630 1688
1688 1693
1693 1694
1694 535
1630 1688
1688 1693
1693 1695
1695 536
1630 1688
1688 1693
1693 1695
1695 537
1630 1688
1688 1693
1693 1695
1695 538
1630 1688
1688 1693
1693 1696
1696 539
1630 1688
1688 1693
1693 1697
1697 540
1630 1688
1688 1693
1693 1698
1698 541
1630 1688
1688 1693
1693 542
1630 1688
1688 1693
1693 1699
1699 543
1630 1688
1688 1700
1700 544
1630 1701
1701 1702
1702 545
1630 1701
1701 1703
1703 1704
1704 546
1630 1705
1705 547
1630 1706
1706 1707
1707 548
1630 1706
1706 1707
1707 1708
1708 549
1630 1709
1709 1710
1710 1711
1711 550
1630 1709
1709 1710
1710 1712
1712 551
1630 1709
1709 1710
1710 1712
1712 552
1630 1709
1709 1710
1710 1712
1712 553
1630 1709
1709 554
1630 1713
1713 1714
1714 1715
1715 555
1630 1713
1713 1716
1716 1717
1717 556
1630 1718
1718 1719
1719 1720
1720 557
1630 1721
1721 558
1722 1723
1723 1724
1724 1725
1725 559
1722 1726
1726 1727
1727 560
1722 1726
1726 1728
1728 561
1722 1726
1726 1729
1729 562
1722 1726
1726 1730
1730 1731
1731 563
1722 1726
1726 1732
1732 1733
1733 564
1722 1726
1726 1734
1734 565
1722 1726
1726 1735
1735 566
1722 1726
1726 1736
1736 567
1722 1726
1726 1737
1737 568
1722 1726
1726 1737
1737 1738
1738 569
1722 1726
1726 1737
1737 1739
1739 570
1722 1726
1726 1737
1737 1739
1739 571
1722 1726
1726 1737
1737 1740
1740 572
1722 1726
1726 1737
1737 1740
1740 573
1722 1726
1726 1737
1737 1740
1740 574
1722 1726
1726 1737
1737 1740
1740 575
1722 1726
1726 1737
1737 1740
1740 576
1722 1726
1726 1737
1737 1740
1740 577
1722 1726
1726 1737
1737 1740
1740 578
1722 1726
1726 1737
1737 1740
1740 579
1722 1726
1726 1737
1737 1740
1740 580
1722 1726
1726 1737
1737 1740
1740 581
1722 1726
1726 1737
1737 1740
1740 582
1722 1726
1726 1737
1737 583
1722 1726
1726 1737
1737 1741
1741 584
1722 1726
1726 1737
1737 1742
1742 585
1722 1726
1726 1737
1737 1743
1743 586
1722 1726
1726 1737
1737 1744
1744 587
1722 1726
1726 1737
1737 1744
1744 588
1722 1726
1726 1745
1745 1746
1746 589
1722 1726
1726 1745
1745 1747
1747 590
1722 1748
1748 1749
1749 591
1722 1748
1748 1749
1749 1750
1750 592
1722 1748
1748 1751
1751 1752
1752 593
1722 1748
1748 1753
1753 1754
1754 594
1722 1755
1755 1756
1756 1757
1757 595
1722 1755
1755 1756
1756 1758
1758 596
1722 1755
1755 1759
1759 1760
1760 597
1761 1762
1762 1763
1763 1764
1764 598
1761 1762
1762 1763
1763 1764
1764 599
1761 1765
1765 1766
1766 1767
1767 600
1761 1765
1765 1766
1766 1768
1768 601
1761 1765
1765 1766
1766 1768
1768 602
1761 1765
1765 1766
1766 1768
1768 603
1769 1770
1770 1771
1771 1772
1772 604
1769 1770
1770 1773
1773 1774
1774 605
1769 1775
1775 1776
1776 1777
1777 606
1769 1775
1775 1778
1778 1779
1779 607
1769 1775
1775 1778
1778 1779
1779 608
1769 1775
1775 1778
1778 1779
1779 609
1769 1775
1775 1780
1780 1781
1781 610
1769 1782
1782 1783
1783 1784
1784 611
1769 1782
1782 1785
1785 1786
1786 612
1769 1782
1782 1787
1787 1788
1788 613
1769 1782
1782 1789
1789 1790
1790 614
1769 1782
1782 1789
1789 1791
1791 615
1769 1782
1782 1789
1789 616
1769 1792
1792 1793
1793 1794
1794 617
1769 1792
1792 1795
1795 1796
1796 618
1769 1792
1792 1797
1797 1798
1798 619
1769 1792
1792 1799
1799 1800
1800 620
1769 1792
1792 621
1769 1801
1801 1802
1802 1803
1803 622
1769 1801
1801 1804
1804 1805
1805 623
1769 1801
1801 1806
1806 1807
1807 624
1769 1808
1808 1809
1809 1810
1810 625
1769 1808
1808 1809
1809 1810
1810 626
1769 1808
1808 1809
1809 1810
1810 627
1769 1808
1808 1809
1809 1811
1811 628
1769 1808
1808 1809
1809 1812
1812 629
1769 1808
1808 1809
1809 1812
1812 630
1769 1808
1808 1809
1809 1812
1812 631
1769 1808
1808 1809
1809 1812
1812 632
1769 1808
1808 1809
1809 1812
1812 633
1769 1808
1808 1809
1809 1812
1812 634
1769 1808
1808 1809
1809 1812
1812 635
1769 1813
1813 636
1769 1813
1813 1814
1814 637
1769 1813
1813 1814
1814 638
1769 1815
1815 639
1769 1816
1816 1817
1817 1818
1818 640
1769 1816
1816 1817
1817 1819
1819 641
1769 1820
1820 1821
1821 642
1769 1820
1820 1822
1822 1823
1823 643
1769 1824
1824 1825
1825 1826
1826 644
1769 1824
1824 1827
1827 645
1769 1828
1828 1829
1829 1830
1830 646
1769 1828
1828 1829
1829 1831
1831 647
1769 1828
1828 1829
1829 1831
1831 648
1769 1828
1828 1829
1829 1831
1831 649
1769 1828
1828 650
1769 1828
1828 1832
1832 1833
1833 651
1769 1828
1828 1832
1832 1834
1834 652
1769 1828
1828 1832
1832 1834
1834 653
1769 1828
1828 1832
1832 1835
1835 654
1769 1828
1828 1832
1832 1835
1835 655
1769 1828
1828 1836
1836 1837
1837 656
1769 1828
1828 1838
1838 1839
1839 657
1769 1828
1828 1838
1838 1840
1840 658
1769 1828
1828 1838
1838 1840
1840 659
1769 1828
1828 1838
1838 1841
1841 660
1769 1828
1828 1838
1838 1842
1842 661
1769 1828
1828 1843
1843 662
1769 1828
1828 1844
1844 1845
1845 663
1769 1828
1828 1844
1844 664
1769 1828
1828 1844
1844 1846
1846 665
1769 1828
1828 1844
1844 1846
1846 666
1769 1828
1828 1844
1844 1846
1846 667
1769 1828
1828 1844
1844 1846
1846 668
1769 1828
1828 1844
1844 1846
1846 669
1769 1828
1828 1844
1844 1846
1846 670
1769 1828
1828 1844
1844 1847
1847 671
1769 1828
1828 1848
1848 1849
1849 672
1769 1828
1828 1850
1850 1851
1851 673
1769 1828
1828 1852
1852 674
1769 1828
1828 1853
1853 675
1769 1854
1854 1855
1855 1856
1856 676
1769 1854
1854 1855
1855 1856
1856 677
1769 1854
1854 1857
1857 1858
1858 678
1769 1854
1854 1857
1857 1858
1858 679
1769 1854
1854 1857
1857 1858
1858 680
1769 1854
1854 1857
1857 1858
1858 681
1769 1854
1854 1857
1857 1858
1858 682
1769 1854
1854 1857
1857 1858
1858 683
1769 1854
1854 1857
1857 1859
1859 684
1769 1854
1854 1860
1860 1861
1861 685
1769 1854
1854 1860
1860 1862
1862 686
1769 1854
1854 1860
1860 1862
1862 687
1769 1854
1854 1860
1860 1862
1862 688
1769 1854
1854 1860
1860 1862
1862 689
1769 1854
1854 1860
1860 1862
1862 690
1769 1854
1854 1860
1860 1862
1862 691
1769 1854
1854 1860
1860 1862
1862 692
1769 1854
1854 1860
1860 1862
1862 693
1769 1854
1854 1860
1860 1862
1862 694
1769 1854
1854 1860
1860 1862
1862 695
1769 1854
1854 1860
1860 1862
1862 696
1769 1854
1854 1860
1860 1863
1863 697
1769 1854
1854 1864
1864 1865
1865 698
1769 1854
1854 1864
1864 1866
1866 699
1769 1854
1854 1867
1867 1868
1868 700
1769 1869
1869 1870
1870 1871
1871 701
1769 1869
1869 1870
1870 1871
1871 702
1769 1869
1869 1870
1870 1871
1871 703
1769 1869
1869 1870
1870 1872
1872 704
1769 1869
1869 1870
1870 1873
1873 705
1769 1874
1874 1875
1875 1876
1876 706
1769 1874
1874 1875
1875 1876
1876 707
1769 1874
1874 1875
1875 1876
1876 708
1769 1874
1874 1875
1875 1877
1877 709
1769 1874
1874 1875
1875 1878
1878 710
1769 1874
1874 1875
1875 1878
1878 711
1769 1879
1879 1880
1880 1881
1881 712
1769 1879
1879 1882
1882 713
1769 1879
1879 714
1769 1883
1883 1884
1884 1885
1885 715
1769 1883
1883 1884
1884 1885
1885 716
1769 1883
1883 1884
1884 1886
1886 717
1769 1883
1883 1887
1887 1888
1888 718
1769 1883
1883 1887
1887 1888
1888 719
1769 1883
1883 1887
1887 1889
1889 720
1769 1883
1883 1887
1887 1890
1890 721
1769 1883
1883 1887
1887 1891
1891 722
1769 1883
1883 1887
1887 1892
1892 723
1769 1883
1883 1887
1887 1892
1892 724
1769 1883
1883 1887
1887 725
1769 1883
1883 1893
1893 1894
1894 726
1769 1883
1883 1895
1895 727
1896 1897
1897 1898
1898 1899
1899 728
1896 1900
1900 1901
1901 1902
1902 729
1896 1900
1900 1901
1901 1902
1902 730
1896 1900
1900 1901
1901 1902
1902 731
1896 1900
1900 1901
1901 1903
1903 732
1896 1900
1900 1901
1901 1904
1904 733
1896 1900
1900 1901
1901 1904
1904 734
1896 1900
1900 1901
1901 1904
1904 735
1896 1900
1900 1901
1901 1905
1905 736
1896 1900
1900 1906
1906 1907
1907 737
1896 1900
1900 1906
1906 1908
1908 738
1896 1900
1900 1909
1909 1910
1910 739
1896 1900
1900 1911
1911 1912
1912 740
1896 1900
1900 1911
1911 1912
1912 741
1896 1900
1900 1911
1911 1912
1912 742
1896 1900
1900 1913
1913 1914
1914 743
1896 1900
1900 1915
1915 1916
1916 744
1896 1900
1900 1915
1915 1917
1917 745
1896 1900
1900 1915
1915 1918
1918 746
1896 1900
1900 1919
1919 1920
1920 747
1896 1900
1900 1921
1921 748
1896 1900
1900 1921
1921 749
1896 1900
1900 1921
1921 750
1896 1900
1900 1921
1921 1922
1922 751
1896 1900
1900 1921
1921 1923
1923 752
1896 1900
1900 1924
1924 1925
1925 753
1896 1900
1900 1924
1924 754
1896 1926
1926 1927
1927 1928
1928 755
1896 1926
1926 1927
1927 1929
1929 756
1896 1926
1926 1927
1927 1930
1930 757
1896 1931
1931 758
1896 1932
1932 1933
1933 1934
1934 759
1896 1932
1932 1935
1935 1936
1936 760
1896 1932
1932 1937
1937 1938
1938 761
1896 1932
1932 1939
1939 1940
1940 762
1896 1941
1941 763
1942 1943
1943 1944
1944 1945
1945 764
1942 1946
1946 1947
1947 1948
1948 765
1942 1946
1946 1949
1949 1950
1950 766
1942 1946
1946 767
1942 1951
1951 1952
1952 1953
1953 768
1942 1951
1951 1954
1954 1955
1955 769
1942 1951
1951 1954
1954 1955
1955 770
1942 1951
1951 1954
1954 1956
1956 771
1942 1951
1951 1957
1957 1958
1958 772
1942 1951
1951 1959
1959 773
1942 1960
1960 1961
1961 1962
1962 774
1942 1963
1963 1964
1964 1965
1965 775
1942 1963
1963 1964
1964 1965
1965 776
1942 1963
1963 1966
1966 1967
1967 777
1942 1963
1963 1968
1968 1969
1969 778
1942 1963
1963 1968
1968 779
1942 1963
1963 1970
1970 1971
1971 780
1942 1972
1972 1973
1973 1974
1974 781
1942 1972
1972 1973
1973 1975
1975 782
1942 1972
1972 1976
1976 1977
1977 783
1942 1972
1972 1976
1976 1977
1977 784
1942 1972
1972 785
1942 1972
1972 1978
1978 1979
1979 786
1942 1972
1972 1980
1980 1981
1981 787
1942 1972
1972 1982
1982 1983
1983 788
1942 1972
1972 1982
1982 1984
1984 789
1942 1985
1985 1986
1986 1987
1987 790
1942 1988
1988 1989
1989 791
1942 1988
1988 1989
1989 792
1942 1988
1988 1989
1989 793
1942 1988
1988 794
1942 1990
1990 1991
1991 1992
1992 795
1942 1990
1990 1993
1993 796
1942 1990
1990 1994
1994 797
1942 1990
1990 1995
1995 1996
1996 798
1942 1990
1990 1997
1997 1998
1998 799
1942 1999
1999 2000
2000 2001
2001 800
1942 2002
2002 2003
2003 2004
2004 801
1942 2002
2002 2005
2005 2006
2006 802
1942 2002
2002 2005
2005 2007
2007 803
1942 2002
2002 2005
2005 2007
2007 804
1942 2002
2002 2005
2005 2007
2007 805
1942 2002
2002 2005
2005 2008
2008 806
1942 2002
2002 2005
2005 2008
2008 807
1942 2002
2002 2005
2005 2009
2009 808
1942 2002
2002 2005
2005 2009
2009 809
1942 2002
2002 2005
2005 2009
2009 810
1942 2002
2002 2005
2005 2009
2009 811
1942 2002
2002 2010
2010 2011
2011 812
1942 2002
2002 2012
2012 2013
2013 813
1942 2002
2002 2014
2014 2015
2015 814
1942 2002
2002 2014
2014 815
1942 2002
2002 2014
2014 2016
2016 816
1942 2002
2002 2017
2017 2018
2018 817
1942 2002
2002 2017
2017 2018
2018 818
1942 2002
2002 2019
2019 2020
2020 819
1942 2002
2002 2019
2019 820
1942 2002
2002 2019
2019 2021
2021 821
1942 2002
2002 2019
2019 2021
2021 822
1942 2002
2002 2019
2019 2021
2021 823
1942 2002
2002 2019
2019 2021
2021 824
1942 2002
2002 2019
2019 2021
2021 825
1942 2002
2002 2022
2022 2023
2023 826
1942 2002
2002 2022
2022 2024
2024 827
1942 2002
2002 2025
2025 2026
2026 828
1942 2002
2002 2025
2025 2027
2027 829
1942 2002
2002 2025
2025 2028
2028 830
1942 2002
2002 2025
2025 2029
2029 831
1942 2002
2002 2030
2030 2031
2031 832
1942 2032
2032 2033
2033 2034
2034 833
1942 2032
2032 2035
2035 834
1942 2032
2032 2036
2036 2037
2037 835
1942 2032
2032 2036
2036 2038
2038 836
1942 2032
2032 2039
2039 2040
2040 837
1942 2032
2032 2039
2039 2041
2041 838
1942 2032
2032 2039
2039 2042
2042 839
1942 2032
2032 2043
2043 2044
2044 840
1942 2032
2032 2045
2045 2046
2046 841
1942 2032
2032 2047
2047 2048
2048 842
1942 2032
2032 2049
2049 2050
2050 843
1942 2032
2032 2049
2049 2051
2051 844
1942 2032
2032 2052
2052 2053
2053 845
2054 2055
2055 2056
2056 2057
2057 846
2054 2058
2058 2059
2059 2060
2060 847
2054 2058
2058 2059
2059 2060
2060 848
2054 2058
2058 2059
2059 2060
2060 849
2054 2058
2058 2059
2059 2061
2061 850
2054 2062
2062 2063
2063 851
2054 2064
2064 2065
2065 2066
2066 852
2054 2064
2064 2065
2065 2066
2066 853
2054 2067
2067 2068
2068 2069
2069 854
2054 2067
2067 2070
2070 2071
2071 855
2054 2067
2067 2070
2070 2072
2072 856
2054 2067
2067 2073
2073 2074
2074 857
2054 2067
2067 2073
2073 2075
2075 858
2054 2076
2076 2077
2077 2078
2078 859
2054 2076
2076 2079
2079 2080
2080 860
2054 2076
2076 2079
2079 2081
2081 861
2054 2076
2076 2079
2079 2082
2082 862
2054 2076
2076 2079
2079 2083
2083 863
2054 2076
2076 2079
2079 2084
2084 864
2054 2076
2076 2079
2079 2085
2085 865
2054 2076
2076 2086
2086 2087
2087 866
2054 2076
2076 867
2054 2076
2076 2088
2088 2089
2089 868
2054 2076
2076 2090
2090 2091
2091 869
2054 2076
2076 2092
2092 2093
2093 870
2054 2094
2094 2095
2095 2096
2096 871
2054 2097
2097 2098
2098 2099
2099 872
2054 2097
2097 2098
2098 2099
2099 873
2054 2097
2097 2098
2098 2100
2100 874
2054 2097
2097 2101
2101 2102
2102 875
2054 2097
2097 2101
2101 2102
2102 876
2054 2103
2103 877
2054 2103
2103 2104
2104 2105
2105 878
2054 2103
2103 2104
2104 2106
2106 879
2054 2103
2103 2104
2104 2107
2107 880
2054 2103
2103 2104
2104 2107
2107 881
2054 2108
2108 2109
2109 2110
2110 882
2054 2111
2111 2112
2112 2113
2113 883
2054 2111
2111 2114
2114 2115
2115 884
2054 2111
2111 2114
2114 885
2054 2116
2116 2117
2117 2118
2118 886
2054 2116
2116 2119
2119 2120
2120 887
2054 2116
2116 2121
2121 2122
2122 888
2054 2123
2123 2124
2124 2125
2125 889
2054 2123
2123 2124
2124 2125
2125 890
2054 2123
2123 2124
2124 891
2054 2123
2123 2124
2124 2126
2126 892
2054 2123
2123 2124
2124 2127
2127 893
2054 2123
2123 2124
2124 2127
2127 894
2054 2123
2123 2124
2124 2128
2128 895
2054 2129
2129 896
2054 2130
2130 2131
2131 2132
2132 897
2054 2130
2130 2133
2133 2134
2134 898
2054 2130
2130 2135
2135 2136
2136 899
2054 2137
2137 2138
2138 900
2054 2139
2139 2140
2140 2141
2141 901
2054 2139
2139 2142
2142 2143
2143 902
2054 2139
2139 2142
2142 2143
2143 903
2054 2139
2139 2142
2142 2143
2143 904
2054 2139
2139 2142
2142 2144
2144 905
2054 2145
2145 2146
2146 2147
2147 906
2054 2145
2145 2146
2146 2148
2148 907
2054 2149
2149 2150
2150 2151
2151 908
2054 2152
2152 2153
2153 2154
2154 909
2054 2152
2152 2155
2155 2156
2156 910
2054 2152
2152 2155
2155 2157
2157 911
2054 2152
2152 2158
2158 2159
2159 912
2054 2152
2152 2158
2158 2160
2160 913
2054 2152
2152 2158
2158 2161
2161 914
2054 2162
2162 2163
2163 2164
2164 915
2054 2162
2162 2163
2163 2165
2165 916
2054 2162
2162 2163
2163 2166
2166 917
2054 2162
2162 2163
2163 2167
2167 918
2054 2162
2162 2163
2163 2168
2168 919
1140 1141
1141 1142
1142 1143
1143 920
1140 1286
1286 2169
2169 2170
2170 921
1140 1286
1286 2171
2171 2172
2172 922
1140 1286
1286 2173
2173 923
1140 1286
1286 1287
1287 2174
2174 924
1140 1239
1239 2175
2175 2176
2176 925
1140 1239
1239 1243
1243 2177
2177 926
1140 1174
1174 2178
2178 927
1140 1245
1245 2179
2179 2180
2180 928
1140 1175
1175 1181
1181 2181
2181 929
1140 1175
1175 2182
2182 930
1140 1264
1264 1265
1265 1266
1266 931
1140 2183
2183 2184
2184 932
1140 1156
1156 1164
1164 2185
2185 933
1140 1154
1154 2186
2186 934
1140 1154
1154 2187
2187 935
1140 1188
1188 2188
2188 2189
2189 936
1140 1188
1188 2190
2190 937
1140 1201
1201 1202
1202 938
1140 1201
1201 2191
2191 939
1140 1201
1201 1207
1207 2192
2192 940
1524 1579
1579 1608
1608 941
1524 1579
1579 1608
1608 2193
2193 942
1524 1579
1579 1595
1595 943
1524 1579
1579 2194
2194 944
1524 1579
1579 1585
1585 2195
2195 945
1524 1579
1579 2196
2196 946
1524 1579
1579 1580
1580 947
1524 1579
1579 1580
1580 2197
2197 948
1524 1579
1579 1580
1580 2198
2198 949
1524 1579
1579 1580
1580 2199
2199 950
1524 1579
1579 1597
1597 951
1524 1579
1579 2200
2200 2201
2201 952
1524 1579
1579 1623
1623 1624
1624 953
1524 1579
1579 1602
1602 1604
1604 954
1524 1579
1579 1602
1602 2202
2202 955
1524 1579
1579 1582
1582 2203
2203 956
1524 2204
2204 2205
2205 957
1524 1525
1525 2206
2206 958
1524 1535
1535 2207
2207 959
1524 2208
2208 2209
2209 960
1524 2208
2208 2210
2210 961
1524 2211
2211 2212
2212 962
1524 1538
1538 1543
1543 963
1524 1538
1538 1541
1541 964
1524 1538
1538 1541
1541 1542
1542 965
1524 1538
1538 2213
2213 966
1524 1548
1548 1551
1551 2214
2214 967
1524 1527
1527 2215
2215 2216
2216 968
1524 2217
2217 2218
2218 969
1524 1625
1625 2219
2219 2220
2220 970
1524 2221
2221 2222
2222 2223
2223 971
1524 2221
2221 2224
2224 2225
2225 972
1524 1561
1561 2226
2226 973
1896 1900
1900 1906
1906 1907
1907 974
1896 1900
1900 1921
1921 2227
2227 975
1896 1900
1900 1921
1921 2228
2228 976
1896 1926
1926 2229
2229 977
1896 1926
1926 1927
1927 2230
2230 978
1761 1762
1762 1763
1763 2231
2231 979
1761 1762
1762 1763
1763 2232
2232 980
1761 2233
2233 2234
2234 981
1301 1469
1469 1470
1470 982
1301 1469
1469 2235
2235 983
1301 1469
1469 2236
2236 984
1301 1469
1469 2236
2236 2237
2237 985
1301 1512
1512 1519
1519 2238
2238 986
1301 1512
1512 1513
1513 2239
2239 987
1301 1512
1512 2240
2240 988
1301 1512
1512 2240
2240 2241
2241 989
1301 1512
1512 2242
2242 2243
2243 990
1301 1453
1453 2244
2244 991
1301 1482
1482 2245
2245 992
1301 1473
1473 2246
2246 993
1301 1473
1473 2247
2247 994
1301 1473
1473 1474
1474 1477
1477 995
1301 1473
1473 2248
2248 2249
2249 996
1301 1473
1473 1478
1478 997
1301 1348
1348 2250
2250 998
1301 1348
1348 1349
1349 999
1301 1348
1348 1349
1349 2251
2251 1000
1301 1348
1348 2252
2252 1001
1301 1428
1428 1443
1443 1002
1301 1428
1428 1443
1443 2253
2253 1003
1301 1428
1428 1443
1443 2254
2254 1004
1301 1428
1428 1443
1443 2255
2255 1005
1301 1428
1428 1443
1443 2256
2256 1006
1301 1428
1428 1443
1443 2257
2257 1007
1301 1428
1428 1440
1440 2258
2258 1008
1301 1428
1428 1440
1440 2259
2259 1009
1301 1428
1428 1440
1440 2260
2260 1010
1301 1428
1428 1437
1437 1439
1439 1011
1301 1428
1428 1437
1437 1438
1438 1012
1301 1428
1428 1433
1433 2261
2261 1013
1301 1428
1428 1450
1450 2262
2262 1014
1301 1428
1428 1450
1450 2263
2263 1015
1301 1354
1354 2264
2264 2265
2265 1016
1301 1354
1354 1357
1357 2266
2266 1017
1301 1354
1354 1355
1355 2267
2267 1018
1301 1354
1354 1355
1355 2268
2268 1019
1301 1391
1391 2269
2269 1020
1301 1391
1391 2270
2270 1021
1301 1391
1391 1393
1393 1394
1394 1022
1301 1391
1391 1393
1393 2271
2271 1023
1301 1325
1325 1331
1331 2272
2272 1024
1301 1325
1325 1344
1344 1025
1301 1325
1325 1344
1344 2273
2273 1026
1301 1325
1325 1335
1335 1336
1336 1027
1301 1325
1325 1335
1335 2274
2274 1028
1301 1325
1325 1328
1328 1329
1329 1029
1301 2275
2275 2276
2276 1030
1301 1312
1312 1317
1317 2277
2277 1031
1301 1312
1312 1316
1316 2278
2278 1032
1301 1312
1312 1313
1313 1033
1301 1312
1312 1313
1313 1314
1314 1034
1301 1395
1395 2279
2279 1035
1301 1395
1395 1396
1396 1397
1397 1036
1301 1395
1395 1396
1396 2280
2280 1037
1301 1395
1395 1398
1398 2281
2281 1038
1301 1395
1395 2282
2282 2283
2283 1039
1301 2284
2284 2285
2285 2286
2286 1040
1301 1401
1401 2287
2287 1041
1301 1401
1401 1412
1412 1413
1413 1042
1301 1401
1401 2288
2288 2289
2289 1043
1301 1401
1401 2288
2288 2290
2290 1044
1301 1460
1460 1462
1462 1045
1301 1460
1460 2291
2291 2292
2292 1046
1301 1460
1460 1463
1463 1047
1301 1460
1460 1461
1461 2293
2293 1048
1301 1414
1414 2294
2294 2295
2295 1049
1301 1414
1414 2296
2296 1050
1301 1414
1414 2297
2297 1051
1301 2298
2298 2299
2299 1052
1301 2298
2298 2300
2300 2301
2301 1053
1301 1368
1368 2302
2302 1054
1301 1483
1483 1489
1489 2303
2303 1055
1301 1483
1483 1489
1489 2304
2304 1056
1301 1383
1383 1388
1388 2305
2305 1057
1301 1383
1383 2306
2306 1058
1301 1383
1383 2307
2307 2308
2308 1059
1301 1383
1383 2309
2309 1060
1301 1383
1383 2310
2310 1061
1301 1383
1383 2311
2311 1062
1301 1383
1383 2312
2312 2313
2313 1063
1301 1305
1305 2314
2314 1064
1301 1305
1305 2314
2314 2315
2315 1065
1301 1481
1481 2316
2316 1066
1301 1416
1416 2317
2317 1067
1301 1416
1416 1421
1421 2318
2318 1068
1301 1416
1416 1417
1417 1069
1301 1416
1416 1417
1417 1418
1418 1070
1722 1726
1726 2319
2319 1071
1722 1726
1726 2320
2320 1072
1722 1726
1726 2320
2320 2321
2321 1073
1722 1726
1726 1737
1737 1738
1738 1074
1722 1726
1726 1737
1737 1739
1739 1075
1722 1726
1726 1737
1737 1740
1740 1076
1722 1726
1726 2322
2322 1077
1722 1726
1726 1727
1727 1078
1722 1726
1726 1745
1745 2323
2323 1079
1722 1726
1726 1728
1728 2324
2324 1080
1722 1748
1748 1749
1749 2325
2325 1081
1722 1748
1748 2326
2326 2327
2327 1082
1722 1748
1748 2328
2328 1083
1722 1748
1748 2329
2329 2330
2330 1084
1722 1723
1723 2331
2331 1085
1722 2332
2332 1086
1942 1990
1990 2333
2333 2334
2334 1087
1942 1990
1990 2335
2335 2336
2336 1088
1942 1990
1990 1995
1995 1089
1942 1990
1990 1993
1993 1090
1942 1990
1990 2337
2337 1091
1942 1990
1990 1997
1997 2338
2338 1092
1942 1985
1985 2339
2339 1093
1942 2340
2340 2341
2341 1094
1942 2340
2340 2342
2342 1095
1942 2343
2343 1096
1942 1972
1972 1982
1982 2344
2344 1097
1942 2002
2002 2025
2025 2345
2345 1098
1942 1988
1988 2346
2346 1099
1942 1988
1988 2347
2347 1100
1942 2032
2032 2036
2036 2348
2348 1101
1942 2032
2032 2349
2349 1102
1942 2032
2032 2350
2350 1103
2054 2058
2058 2351
2351 2352
2352 1104
2054 2123
2123 2124
2124 2353
2353 1105
2054 2076
2076 2079
2079 2354
2354 1106
2054 2076
2076 2355
2355 2356
2356 1107
2054 2067
2067 2357
2357 1108
2054 2358
2358 1109
1630 1636
1636 2359
2359 1110
1630 1636
1636 1639
1639 1111
1630 1652
1652 1653
1653 1112
1630 2360
2360 2361
2361 1113
1630 1718
1718 2362
2362 1114
1630 2363
2363 2364
2364 2365
2365 1115
1630 1713
1713 1716
1716 1116
1630 1676
1676 2366
2366 1117
1630 1688
1688 2367
2367 1118
1630 1688
1688 1691
1691 1119
1630 1688
1688 1691
1691 2368
2368 1120
1630 1688
1688 2369
2369 2370
2370 1121
1630 1688
1688 1700
1700 2371
2371 1122
1630 1688
1688 1693
1693 1694
1694 1123
1630 1688
1688 1693
1693 1699
1699 1124
1630 1631
1631 1632
1632 2372
2372 1125
1769 1854
1854 2373
2373 1126
1769 2374
2374 2375
2375 1127
1769 2376
2376 2377
2377 1128
1769 1815
1815 2378
2378 1129
1769 1815
1815 2379
2379 2380
2380 1130
1769 1815
1815 2381
2381 1131
1769 1770
1770 2382
2382 1132
1769 1824
1824 2383
2383 1133
1769 1828
1828 1853
1853 2384
2384 1134
1769 1883
1883 2385
2385 1135
1769 1883
1883 1895
1895 1136
1769 1883
1883 1887
1887 2386
2386 1137
1769 1869
1869 1870
1870 1873
1873 1138
1769 1801
1801 2387
2387 1139
