14 97
3 64
3 68
19 86
7 30
14 51
19 78
79 95
40 76
79 80
40 82
40 85
7 11
19 33
7 43
7 6
19 99
19 91
25 24
19 102
25 61
25 54
14 62
3 53
68 67
3 17
3 18
3 69
27 26
19 45
62 87
19 56
19 31
11 10
11 77
13 12
13 37
3 40
19 20
3 84
3 4
3 71
14 13
19 83
19 57
19 75
13 28
19 38
45 50
45 46
14 88
45 44
45 49
45 96
45 93
45 48
45 47
19 32
45 100
3 72
88 89
3 9
88 101
6 5
88 98
6 8
3 23
19 63
3 25
3 74
3 21
19 42
3 60
3 1
19 90
14 16
19 92
14 65
1 29
1 2
19 73
14 34
14 79
14 27
19 36
34 94
16 59
34 35
29 55
16 15
34 81
21 70
21 22
4 41
19 52
19 58
21 66
21 39
